0000000000000000000000000000000000000000
0111111111111111111111111111111111111110
0111100000010000000000000000010000000000
0111101111011111111111111111011111111110
0100001111011111111111111111011111111110
0101111111011111111111111111011111111110
0100000010011111111111111111011111111110
0111111111011111111111111111000001111110
0111111111011111111111111111111111111110
0111111111000000000000000000011111111110
0111111111011111111111111111111111111110
0111111111111111111111111111111111111110
0000000000000000000000000000000000000000